{
 "cells": [
  {
   "cell_type": "code",
   "execution_count": 17,
   "metadata": {
    "collapsed": true
   },
   "outputs": [],
   "source": [
    "import pandas as pd\n",
    "import matplotlib.pyplot as plt\n",
    "from sklearn.preprocessing import MinMaxScaler"
   ]
  },
  {
   "cell_type": "code",
   "execution_count": 18,
   "metadata": {
    "collapsed": false
   },
   "outputs": [
    {
     "data": {
      "text/html": [
       "<div>\n",
       "<table border=\"1\" class=\"dataframe\">\n",
       "  <thead>\n",
       "    <tr style=\"text-align: right;\">\n",
       "      <th></th>\n",
       "      <th>Student</th>\n",
       "      <th>Vaccin</th>\n",
       "      <th>HndWshQual</th>\n",
       "      <th>HndWshFreq</th>\n",
       "      <th>SocialDist</th>\n",
       "      <th>NotTchFace</th>\n",
       "      <th>RespEtiq</th>\n",
       "      <th>PrsnlDist</th>\n",
       "      <th>HandSanit</th>\n",
       "      <th>Risk</th>\n",
       "      <th>Complic</th>\n",
       "      <th>Barriers</th>\n",
       "      <th>Inefficacy</th>\n",
       "      <th>KnowlTrans</th>\n",
       "      <th>KnowlMgmt</th>\n",
       "      <th>Sick</th>\n",
       "      <th>Flu</th>\n",
       "      <th>Gender</th>\n",
       "    </tr>\n",
       "  </thead>\n",
       "  <tbody>\n",
       "    <tr>\n",
       "      <th>count</th>\n",
       "      <td>410.000000</td>\n",
       "      <td>410.000000</td>\n",
       "      <td>410.000000</td>\n",
       "      <td>410.000000</td>\n",
       "      <td>410.000000</td>\n",
       "      <td>410.000000</td>\n",
       "      <td>410.000000</td>\n",
       "      <td>410.000000</td>\n",
       "      <td>410.000000</td>\n",
       "      <td>410.000000</td>\n",
       "      <td>410.000000</td>\n",
       "      <td>410.000000</td>\n",
       "      <td>410.000000</td>\n",
       "      <td>409.000000</td>\n",
       "      <td>410.000000</td>\n",
       "      <td>374.000000</td>\n",
       "      <td>374.000000</td>\n",
       "      <td>375.000000</td>\n",
       "    </tr>\n",
       "    <tr>\n",
       "      <th>mean</th>\n",
       "      <td>205.500000</td>\n",
       "      <td>3.370732</td>\n",
       "      <td>3.885366</td>\n",
       "      <td>3.226829</td>\n",
       "      <td>2.909756</td>\n",
       "      <td>2.456098</td>\n",
       "      <td>4.102439</td>\n",
       "      <td>3.412195</td>\n",
       "      <td>2.785366</td>\n",
       "      <td>-0.103863</td>\n",
       "      <td>-0.322485</td>\n",
       "      <td>-0.392522</td>\n",
       "      <td>-0.055388</td>\n",
       "      <td>0.054071</td>\n",
       "      <td>0.206666</td>\n",
       "      <td>0.986631</td>\n",
       "      <td>0.208556</td>\n",
       "      <td>0.549333</td>\n",
       "    </tr>\n",
       "    <tr>\n",
       "      <th>std</th>\n",
       "      <td>118.501055</td>\n",
       "      <td>1.366423</td>\n",
       "      <td>1.036748</td>\n",
       "      <td>1.155305</td>\n",
       "      <td>1.176025</td>\n",
       "      <td>1.246717</td>\n",
       "      <td>1.250621</td>\n",
       "      <td>1.129012</td>\n",
       "      <td>1.583157</td>\n",
       "      <td>0.485028</td>\n",
       "      <td>0.511090</td>\n",
       "      <td>0.433467</td>\n",
       "      <td>0.515823</td>\n",
       "      <td>0.818013</td>\n",
       "      <td>0.726531</td>\n",
       "      <td>0.656853</td>\n",
       "      <td>0.406821</td>\n",
       "      <td>0.498225</td>\n",
       "    </tr>\n",
       "    <tr>\n",
       "      <th>min</th>\n",
       "      <td>1.000000</td>\n",
       "      <td>1.000000</td>\n",
       "      <td>1.000000</td>\n",
       "      <td>1.000000</td>\n",
       "      <td>1.000000</td>\n",
       "      <td>1.000000</td>\n",
       "      <td>1.000000</td>\n",
       "      <td>1.000000</td>\n",
       "      <td>1.000000</td>\n",
       "      <td>-1.453000</td>\n",
       "      <td>-1.453000</td>\n",
       "      <td>-1.868000</td>\n",
       "      <td>-1.696000</td>\n",
       "      <td>-1.393000</td>\n",
       "      <td>-1.482000</td>\n",
       "      <td>0.000000</td>\n",
       "      <td>0.000000</td>\n",
       "      <td>0.000000</td>\n",
       "    </tr>\n",
       "    <tr>\n",
       "      <th>25%</th>\n",
       "      <td>103.250000</td>\n",
       "      <td>2.000000</td>\n",
       "      <td>3.000000</td>\n",
       "      <td>2.000000</td>\n",
       "      <td>2.000000</td>\n",
       "      <td>2.000000</td>\n",
       "      <td>3.000000</td>\n",
       "      <td>3.000000</td>\n",
       "      <td>1.000000</td>\n",
       "      <td>-0.376000</td>\n",
       "      <td>-0.575000</td>\n",
       "      <td>-0.658000</td>\n",
       "      <td>-0.400000</td>\n",
       "      <td>-0.554000</td>\n",
       "      <td>-0.335000</td>\n",
       "      <td>1.000000</td>\n",
       "      <td>0.000000</td>\n",
       "      <td>0.000000</td>\n",
       "    </tr>\n",
       "    <tr>\n",
       "      <th>50%</th>\n",
       "      <td>205.500000</td>\n",
       "      <td>3.000000</td>\n",
       "      <td>4.000000</td>\n",
       "      <td>3.000000</td>\n",
       "      <td>3.000000</td>\n",
       "      <td>2.000000</td>\n",
       "      <td>5.000000</td>\n",
       "      <td>3.000000</td>\n",
       "      <td>3.000000</td>\n",
       "      <td>0.000000</td>\n",
       "      <td>-0.376000</td>\n",
       "      <td>-0.448000</td>\n",
       "      <td>0.000000</td>\n",
       "      <td>0.182000</td>\n",
       "      <td>0.335000</td>\n",
       "      <td>1.000000</td>\n",
       "      <td>0.000000</td>\n",
       "      <td>1.000000</td>\n",
       "    </tr>\n",
       "    <tr>\n",
       "      <th>75%</th>\n",
       "      <td>307.750000</td>\n",
       "      <td>5.000000</td>\n",
       "      <td>5.000000</td>\n",
       "      <td>4.000000</td>\n",
       "      <td>3.000000</td>\n",
       "      <td>3.000000</td>\n",
       "      <td>5.000000</td>\n",
       "      <td>4.000000</td>\n",
       "      <td>4.000000</td>\n",
       "      <td>0.169000</td>\n",
       "      <td>0.000000</td>\n",
       "      <td>-0.206000</td>\n",
       "      <td>0.299750</td>\n",
       "      <td>0.554000</td>\n",
       "      <td>0.684000</td>\n",
       "      <td>1.000000</td>\n",
       "      <td>0.000000</td>\n",
       "      <td>1.000000</td>\n",
       "    </tr>\n",
       "    <tr>\n",
       "      <th>max</th>\n",
       "      <td>410.000000</td>\n",
       "      <td>9.000000</td>\n",
       "      <td>5.000000</td>\n",
       "      <td>5.000000</td>\n",
       "      <td>5.000000</td>\n",
       "      <td>9.000000</td>\n",
       "      <td>9.000000</td>\n",
       "      <td>9.000000</td>\n",
       "      <td>5.000000</td>\n",
       "      <td>1.453000</td>\n",
       "      <td>1.453000</td>\n",
       "      <td>1.653000</td>\n",
       "      <td>1.696000</td>\n",
       "      <td>1.393000</td>\n",
       "      <td>1.482000</td>\n",
       "      <td>2.000000</td>\n",
       "      <td>1.000000</td>\n",
       "      <td>1.000000</td>\n",
       "    </tr>\n",
       "  </tbody>\n",
       "</table>\n",
       "</div>"
      ],
      "text/plain": [
       "          Student      Vaccin  HndWshQual  HndWshFreq  SocialDist  NotTchFace  \\\n",
       "count  410.000000  410.000000  410.000000  410.000000  410.000000  410.000000   \n",
       "mean   205.500000    3.370732    3.885366    3.226829    2.909756    2.456098   \n",
       "std    118.501055    1.366423    1.036748    1.155305    1.176025    1.246717   \n",
       "min      1.000000    1.000000    1.000000    1.000000    1.000000    1.000000   \n",
       "25%    103.250000    2.000000    3.000000    2.000000    2.000000    2.000000   \n",
       "50%    205.500000    3.000000    4.000000    3.000000    3.000000    2.000000   \n",
       "75%    307.750000    5.000000    5.000000    4.000000    3.000000    3.000000   \n",
       "max    410.000000    9.000000    5.000000    5.000000    5.000000    9.000000   \n",
       "\n",
       "         RespEtiq   PrsnlDist   HandSanit        Risk     Complic    Barriers  \\\n",
       "count  410.000000  410.000000  410.000000  410.000000  410.000000  410.000000   \n",
       "mean     4.102439    3.412195    2.785366   -0.103863   -0.322485   -0.392522   \n",
       "std      1.250621    1.129012    1.583157    0.485028    0.511090    0.433467   \n",
       "min      1.000000    1.000000    1.000000   -1.453000   -1.453000   -1.868000   \n",
       "25%      3.000000    3.000000    1.000000   -0.376000   -0.575000   -0.658000   \n",
       "50%      5.000000    3.000000    3.000000    0.000000   -0.376000   -0.448000   \n",
       "75%      5.000000    4.000000    4.000000    0.169000    0.000000   -0.206000   \n",
       "max      9.000000    9.000000    5.000000    1.453000    1.453000    1.653000   \n",
       "\n",
       "       Inefficacy  KnowlTrans   KnowlMgmt        Sick         Flu      Gender  \n",
       "count  410.000000  409.000000  410.000000  374.000000  374.000000  375.000000  \n",
       "mean    -0.055388    0.054071    0.206666    0.986631    0.208556    0.549333  \n",
       "std      0.515823    0.818013    0.726531    0.656853    0.406821    0.498225  \n",
       "min     -1.696000   -1.393000   -1.482000    0.000000    0.000000    0.000000  \n",
       "25%     -0.400000   -0.554000   -0.335000    1.000000    0.000000    0.000000  \n",
       "50%      0.000000    0.182000    0.335000    1.000000    0.000000    1.000000  \n",
       "75%      0.299750    0.554000    0.684000    1.000000    0.000000    1.000000  \n",
       "max      1.696000    1.393000    1.482000    2.000000    1.000000    1.000000  "
      ]
     },
     "execution_count": 18,
     "metadata": {},
     "output_type": "execute_result"
    }
   ],
   "source": [
    "dataset = pd.read_excel('fluML.xlsx')\n",
    "columns = list(dataset)\n",
    "columns.remove('Student') #Student is an identifier number given to every student\n",
    "dataset.describe()\n",
    "#Dependant variable is 'Flu'. "
   ]
  },
  {
   "cell_type": "code",
   "execution_count": 19,
   "metadata": {
    "collapsed": false
   },
   "outputs": [
    {
     "data": {
      "text/html": [
       "<div>\n",
       "<table border=\"1\" class=\"dataframe\">\n",
       "  <thead>\n",
       "    <tr style=\"text-align: right;\">\n",
       "      <th></th>\n",
       "      <th>Vaccin</th>\n",
       "      <th>HndWshQual</th>\n",
       "      <th>HndWshFreq</th>\n",
       "      <th>SocialDist</th>\n",
       "      <th>NotTchFace</th>\n",
       "      <th>RespEtiq</th>\n",
       "      <th>PrsnlDist</th>\n",
       "      <th>HandSanit</th>\n",
       "      <th>Risk</th>\n",
       "      <th>Complic</th>\n",
       "      <th>Barriers</th>\n",
       "      <th>Inefficacy</th>\n",
       "      <th>KnowlTrans</th>\n",
       "      <th>KnowlMgmt</th>\n",
       "      <th>Sick</th>\n",
       "      <th>Flu</th>\n",
       "      <th>Gender</th>\n",
       "    </tr>\n",
       "  </thead>\n",
       "  <tbody>\n",
       "    <tr>\n",
       "      <th>count</th>\n",
       "      <td>346.000000</td>\n",
       "      <td>346.000000</td>\n",
       "      <td>346.000000</td>\n",
       "      <td>346.000000</td>\n",
       "      <td>346.000000</td>\n",
       "      <td>346.000000</td>\n",
       "      <td>346.000000</td>\n",
       "      <td>346.000000</td>\n",
       "      <td>346.000000</td>\n",
       "      <td>346.000000</td>\n",
       "      <td>346.000000</td>\n",
       "      <td>346.000000</td>\n",
       "      <td>346.000000</td>\n",
       "      <td>346.000000</td>\n",
       "      <td>346.000000</td>\n",
       "      <td>346.000000</td>\n",
       "      <td>346.000000</td>\n",
       "    </tr>\n",
       "    <tr>\n",
       "      <th>mean</th>\n",
       "      <td>3.375723</td>\n",
       "      <td>3.907514</td>\n",
       "      <td>3.236994</td>\n",
       "      <td>2.916185</td>\n",
       "      <td>2.456647</td>\n",
       "      <td>4.173410</td>\n",
       "      <td>3.390173</td>\n",
       "      <td>2.800578</td>\n",
       "      <td>-0.125812</td>\n",
       "      <td>-0.349535</td>\n",
       "      <td>-0.440465</td>\n",
       "      <td>-0.056876</td>\n",
       "      <td>0.139052</td>\n",
       "      <td>0.303023</td>\n",
       "      <td>0.968208</td>\n",
       "      <td>0.193642</td>\n",
       "      <td>0.543353</td>\n",
       "    </tr>\n",
       "    <tr>\n",
       "      <th>std</th>\n",
       "      <td>1.297887</td>\n",
       "      <td>1.022983</td>\n",
       "      <td>1.130046</td>\n",
       "      <td>1.172844</td>\n",
       "      <td>1.210880</td>\n",
       "      <td>1.191267</td>\n",
       "      <td>1.114238</td>\n",
       "      <td>1.605462</td>\n",
       "      <td>0.474208</td>\n",
       "      <td>0.505263</td>\n",
       "      <td>0.407629</td>\n",
       "      <td>0.525803</td>\n",
       "      <td>0.798902</td>\n",
       "      <td>0.690627</td>\n",
       "      <td>0.647515</td>\n",
       "      <td>0.395724</td>\n",
       "      <td>0.498838</td>\n",
       "    </tr>\n",
       "    <tr>\n",
       "      <th>min</th>\n",
       "      <td>1.000000</td>\n",
       "      <td>1.000000</td>\n",
       "      <td>1.000000</td>\n",
       "      <td>1.000000</td>\n",
       "      <td>1.000000</td>\n",
       "      <td>1.000000</td>\n",
       "      <td>1.000000</td>\n",
       "      <td>1.000000</td>\n",
       "      <td>-1.453000</td>\n",
       "      <td>-1.453000</td>\n",
       "      <td>-1.868000</td>\n",
       "      <td>-1.696000</td>\n",
       "      <td>-1.393000</td>\n",
       "      <td>-1.482000</td>\n",
       "      <td>0.000000</td>\n",
       "      <td>0.000000</td>\n",
       "      <td>0.000000</td>\n",
       "    </tr>\n",
       "    <tr>\n",
       "      <th>25%</th>\n",
       "      <td>2.000000</td>\n",
       "      <td>3.000000</td>\n",
       "      <td>3.000000</td>\n",
       "      <td>2.000000</td>\n",
       "      <td>2.000000</td>\n",
       "      <td>3.000000</td>\n",
       "      <td>3.000000</td>\n",
       "      <td>1.000000</td>\n",
       "      <td>-0.376000</td>\n",
       "      <td>-0.695000</td>\n",
       "      <td>-0.658000</td>\n",
       "      <td>-0.406000</td>\n",
       "      <td>-0.554000</td>\n",
       "      <td>0.000000</td>\n",
       "      <td>1.000000</td>\n",
       "      <td>0.000000</td>\n",
       "      <td>0.000000</td>\n",
       "    </tr>\n",
       "    <tr>\n",
       "      <th>50%</th>\n",
       "      <td>3.000000</td>\n",
       "      <td>4.000000</td>\n",
       "      <td>3.000000</td>\n",
       "      <td>3.000000</td>\n",
       "      <td>2.000000</td>\n",
       "      <td>5.000000</td>\n",
       "      <td>3.000000</td>\n",
       "      <td>3.000000</td>\n",
       "      <td>0.000000</td>\n",
       "      <td>-0.376000</td>\n",
       "      <td>-0.486500</td>\n",
       "      <td>0.000000</td>\n",
       "      <td>0.182000</td>\n",
       "      <td>0.335000</td>\n",
       "      <td>1.000000</td>\n",
       "      <td>0.000000</td>\n",
       "      <td>1.000000</td>\n",
       "    </tr>\n",
       "    <tr>\n",
       "      <th>75%</th>\n",
       "      <td>5.000000</td>\n",
       "      <td>5.000000</td>\n",
       "      <td>4.000000</td>\n",
       "      <td>3.000000</td>\n",
       "      <td>3.000000</td>\n",
       "      <td>5.000000</td>\n",
       "      <td>4.000000</td>\n",
       "      <td>4.000000</td>\n",
       "      <td>0.169000</td>\n",
       "      <td>0.000000</td>\n",
       "      <td>-0.247000</td>\n",
       "      <td>0.304000</td>\n",
       "      <td>0.951000</td>\n",
       "      <td>0.684000</td>\n",
       "      <td>1.000000</td>\n",
       "      <td>0.000000</td>\n",
       "      <td>1.000000</td>\n",
       "    </tr>\n",
       "    <tr>\n",
       "      <th>max</th>\n",
       "      <td>5.000000</td>\n",
       "      <td>5.000000</td>\n",
       "      <td>5.000000</td>\n",
       "      <td>5.000000</td>\n",
       "      <td>5.000000</td>\n",
       "      <td>5.000000</td>\n",
       "      <td>5.000000</td>\n",
       "      <td>5.000000</td>\n",
       "      <td>1.453000</td>\n",
       "      <td>1.453000</td>\n",
       "      <td>1.653000</td>\n",
       "      <td>1.696000</td>\n",
       "      <td>1.393000</td>\n",
       "      <td>1.482000</td>\n",
       "      <td>2.000000</td>\n",
       "      <td>1.000000</td>\n",
       "      <td>1.000000</td>\n",
       "    </tr>\n",
       "  </tbody>\n",
       "</table>\n",
       "</div>"
      ],
      "text/plain": [
       "           Vaccin  HndWshQual  HndWshFreq  SocialDist  NotTchFace    RespEtiq  \\\n",
       "count  346.000000  346.000000  346.000000  346.000000  346.000000  346.000000   \n",
       "mean     3.375723    3.907514    3.236994    2.916185    2.456647    4.173410   \n",
       "std      1.297887    1.022983    1.130046    1.172844    1.210880    1.191267   \n",
       "min      1.000000    1.000000    1.000000    1.000000    1.000000    1.000000   \n",
       "25%      2.000000    3.000000    3.000000    2.000000    2.000000    3.000000   \n",
       "50%      3.000000    4.000000    3.000000    3.000000    2.000000    5.000000   \n",
       "75%      5.000000    5.000000    4.000000    3.000000    3.000000    5.000000   \n",
       "max      5.000000    5.000000    5.000000    5.000000    5.000000    5.000000   \n",
       "\n",
       "        PrsnlDist   HandSanit        Risk     Complic    Barriers  Inefficacy  \\\n",
       "count  346.000000  346.000000  346.000000  346.000000  346.000000  346.000000   \n",
       "mean     3.390173    2.800578   -0.125812   -0.349535   -0.440465   -0.056876   \n",
       "std      1.114238    1.605462    0.474208    0.505263    0.407629    0.525803   \n",
       "min      1.000000    1.000000   -1.453000   -1.453000   -1.868000   -1.696000   \n",
       "25%      3.000000    1.000000   -0.376000   -0.695000   -0.658000   -0.406000   \n",
       "50%      3.000000    3.000000    0.000000   -0.376000   -0.486500    0.000000   \n",
       "75%      4.000000    4.000000    0.169000    0.000000   -0.247000    0.304000   \n",
       "max      5.000000    5.000000    1.453000    1.453000    1.653000    1.696000   \n",
       "\n",
       "       KnowlTrans   KnowlMgmt        Sick         Flu      Gender  \n",
       "count  346.000000  346.000000  346.000000  346.000000  346.000000  \n",
       "mean     0.139052    0.303023    0.968208    0.193642    0.543353  \n",
       "std      0.798902    0.690627    0.647515    0.395724    0.498838  \n",
       "min     -1.393000   -1.482000    0.000000    0.000000    0.000000  \n",
       "25%     -0.554000    0.000000    1.000000    0.000000    0.000000  \n",
       "50%      0.182000    0.335000    1.000000    0.000000    1.000000  \n",
       "75%      0.951000    0.684000    1.000000    0.000000    1.000000  \n",
       "max      1.393000    1.482000    2.000000    1.000000    1.000000  "
      ]
     },
     "execution_count": 19,
     "metadata": {},
     "output_type": "execute_result"
    }
   ],
   "source": [
    "#remove student\n",
    "dataset = dataset.drop('Student',axis=1)\n",
    "\n",
    "#remove outliers. Features above 5 are errors in data entry as suggested by author.\n",
    "dataset = dataset[dataset[columns] <= 5]\n",
    "\n",
    "#remove NaN values.\n",
    "dataset = dataset.dropna()\n",
    "\n",
    "dataset.describe()"
   ]
  },
  {
   "cell_type": "code",
   "execution_count": 20,
   "metadata": {
    "collapsed": false
   },
   "outputs": [
    {
     "data": {
      "text/html": [
       "<div>\n",
       "<table border=\"1\" class=\"dataframe\">\n",
       "  <thead>\n",
       "    <tr style=\"text-align: right;\">\n",
       "      <th></th>\n",
       "      <th>Vaccin</th>\n",
       "      <th>HndWshQual</th>\n",
       "      <th>HndWshFreq</th>\n",
       "      <th>SocialDist</th>\n",
       "      <th>NotTchFace</th>\n",
       "      <th>RespEtiq</th>\n",
       "      <th>PrsnlDist</th>\n",
       "      <th>HandSanit</th>\n",
       "      <th>Risk</th>\n",
       "      <th>Complic</th>\n",
       "      <th>Barriers</th>\n",
       "      <th>Inefficacy</th>\n",
       "      <th>KnowlTrans</th>\n",
       "      <th>KnowlMgmt</th>\n",
       "      <th>Sick</th>\n",
       "      <th>Flu</th>\n",
       "      <th>Gender</th>\n",
       "    </tr>\n",
       "  </thead>\n",
       "  <tbody>\n",
       "    <tr>\n",
       "      <th>Vaccin</th>\n",
       "      <td>1.000000</td>\n",
       "      <td>-0.047978</td>\n",
       "      <td>-0.051006</td>\n",
       "      <td>0.039789</td>\n",
       "      <td>-0.024648</td>\n",
       "      <td>0.025227</td>\n",
       "      <td>0.046655</td>\n",
       "      <td>0.006851</td>\n",
       "      <td>0.131289</td>\n",
       "      <td>-0.013346</td>\n",
       "      <td>-0.053837</td>\n",
       "      <td>-0.018451</td>\n",
       "      <td>0.023921</td>\n",
       "      <td>0.097842</td>\n",
       "      <td>0.138419</td>\n",
       "      <td>0.100605</td>\n",
       "      <td>0.059831</td>\n",
       "    </tr>\n",
       "    <tr>\n",
       "      <th>HndWshQual</th>\n",
       "      <td>-0.047978</td>\n",
       "      <td>1.000000</td>\n",
       "      <td>0.314884</td>\n",
       "      <td>0.181958</td>\n",
       "      <td>0.071633</td>\n",
       "      <td>0.141638</td>\n",
       "      <td>0.095323</td>\n",
       "      <td>0.186403</td>\n",
       "      <td>-0.049103</td>\n",
       "      <td>-0.104811</td>\n",
       "      <td>-0.277622</td>\n",
       "      <td>-0.134278</td>\n",
       "      <td>0.038633</td>\n",
       "      <td>0.068243</td>\n",
       "      <td>-0.105096</td>\n",
       "      <td>-0.127475</td>\n",
       "      <td>0.127161</td>\n",
       "    </tr>\n",
       "    <tr>\n",
       "      <th>HndWshFreq</th>\n",
       "      <td>-0.051006</td>\n",
       "      <td>0.314884</td>\n",
       "      <td>1.000000</td>\n",
       "      <td>0.144062</td>\n",
       "      <td>0.062606</td>\n",
       "      <td>0.180392</td>\n",
       "      <td>0.000013</td>\n",
       "      <td>0.158732</td>\n",
       "      <td>0.013342</td>\n",
       "      <td>-0.072336</td>\n",
       "      <td>-0.207341</td>\n",
       "      <td>-0.160909</td>\n",
       "      <td>0.079848</td>\n",
       "      <td>0.228244</td>\n",
       "      <td>-0.001557</td>\n",
       "      <td>-0.018658</td>\n",
       "      <td>0.146262</td>\n",
       "    </tr>\n",
       "    <tr>\n",
       "      <th>SocialDist</th>\n",
       "      <td>0.039789</td>\n",
       "      <td>0.181958</td>\n",
       "      <td>0.144062</td>\n",
       "      <td>1.000000</td>\n",
       "      <td>0.098463</td>\n",
       "      <td>0.000060</td>\n",
       "      <td>0.093855</td>\n",
       "      <td>0.146573</td>\n",
       "      <td>0.039397</td>\n",
       "      <td>0.144432</td>\n",
       "      <td>-0.040812</td>\n",
       "      <td>-0.173101</td>\n",
       "      <td>-0.073883</td>\n",
       "      <td>-0.088275</td>\n",
       "      <td>0.015565</td>\n",
       "      <td>0.028826</td>\n",
       "      <td>0.023569</td>\n",
       "    </tr>\n",
       "    <tr>\n",
       "      <th>NotTchFace</th>\n",
       "      <td>-0.024648</td>\n",
       "      <td>0.071633</td>\n",
       "      <td>0.062606</td>\n",
       "      <td>0.098463</td>\n",
       "      <td>1.000000</td>\n",
       "      <td>-0.059075</td>\n",
       "      <td>0.112471</td>\n",
       "      <td>0.045489</td>\n",
       "      <td>-0.084722</td>\n",
       "      <td>-0.000675</td>\n",
       "      <td>-0.008465</td>\n",
       "      <td>-0.081366</td>\n",
       "      <td>-0.107688</td>\n",
       "      <td>-0.079839</td>\n",
       "      <td>-0.022096</td>\n",
       "      <td>0.056889</td>\n",
       "      <td>-0.066460</td>\n",
       "    </tr>\n",
       "    <tr>\n",
       "      <th>RespEtiq</th>\n",
       "      <td>0.025227</td>\n",
       "      <td>0.141638</td>\n",
       "      <td>0.180392</td>\n",
       "      <td>0.000060</td>\n",
       "      <td>-0.059075</td>\n",
       "      <td>1.000000</td>\n",
       "      <td>-0.077326</td>\n",
       "      <td>-0.024301</td>\n",
       "      <td>0.005073</td>\n",
       "      <td>-0.192404</td>\n",
       "      <td>-0.216958</td>\n",
       "      <td>-0.203785</td>\n",
       "      <td>0.216547</td>\n",
       "      <td>0.218531</td>\n",
       "      <td>-0.011621</td>\n",
       "      <td>-0.016100</td>\n",
       "      <td>0.060477</td>\n",
       "    </tr>\n",
       "    <tr>\n",
       "      <th>PrsnlDist</th>\n",
       "      <td>0.046655</td>\n",
       "      <td>0.095323</td>\n",
       "      <td>0.000013</td>\n",
       "      <td>0.093855</td>\n",
       "      <td>0.112471</td>\n",
       "      <td>-0.077326</td>\n",
       "      <td>1.000000</td>\n",
       "      <td>0.155425</td>\n",
       "      <td>0.087704</td>\n",
       "      <td>0.077101</td>\n",
       "      <td>-0.096455</td>\n",
       "      <td>-0.079757</td>\n",
       "      <td>0.048638</td>\n",
       "      <td>0.100419</td>\n",
       "      <td>0.109644</td>\n",
       "      <td>0.071380</td>\n",
       "      <td>-0.012268</td>\n",
       "    </tr>\n",
       "    <tr>\n",
       "      <th>HandSanit</th>\n",
       "      <td>0.006851</td>\n",
       "      <td>0.186403</td>\n",
       "      <td>0.158732</td>\n",
       "      <td>0.146573</td>\n",
       "      <td>0.045489</td>\n",
       "      <td>-0.024301</td>\n",
       "      <td>0.155425</td>\n",
       "      <td>1.000000</td>\n",
       "      <td>0.055685</td>\n",
       "      <td>0.068024</td>\n",
       "      <td>-0.154071</td>\n",
       "      <td>-0.146949</td>\n",
       "      <td>-0.125549</td>\n",
       "      <td>-0.004053</td>\n",
       "      <td>0.016190</td>\n",
       "      <td>-0.012039</td>\n",
       "      <td>0.150168</td>\n",
       "    </tr>\n",
       "    <tr>\n",
       "      <th>Risk</th>\n",
       "      <td>0.131289</td>\n",
       "      <td>-0.049103</td>\n",
       "      <td>0.013342</td>\n",
       "      <td>0.039397</td>\n",
       "      <td>-0.084722</td>\n",
       "      <td>0.005073</td>\n",
       "      <td>0.087704</td>\n",
       "      <td>0.055685</td>\n",
       "      <td>1.000000</td>\n",
       "      <td>0.268562</td>\n",
       "      <td>0.172066</td>\n",
       "      <td>-0.016562</td>\n",
       "      <td>-0.004617</td>\n",
       "      <td>-0.071703</td>\n",
       "      <td>0.361799</td>\n",
       "      <td>0.391643</td>\n",
       "      <td>0.023608</td>\n",
       "    </tr>\n",
       "    <tr>\n",
       "      <th>Complic</th>\n",
       "      <td>-0.013346</td>\n",
       "      <td>-0.104811</td>\n",
       "      <td>-0.072336</td>\n",
       "      <td>0.144432</td>\n",
       "      <td>-0.000675</td>\n",
       "      <td>-0.192404</td>\n",
       "      <td>0.077101</td>\n",
       "      <td>0.068024</td>\n",
       "      <td>0.268562</td>\n",
       "      <td>1.000000</td>\n",
       "      <td>0.439864</td>\n",
       "      <td>0.005490</td>\n",
       "      <td>-0.288064</td>\n",
       "      <td>-0.343288</td>\n",
       "      <td>0.193627</td>\n",
       "      <td>0.171132</td>\n",
       "      <td>0.062417</td>\n",
       "    </tr>\n",
       "    <tr>\n",
       "      <th>Barriers</th>\n",
       "      <td>-0.053837</td>\n",
       "      <td>-0.277622</td>\n",
       "      <td>-0.207341</td>\n",
       "      <td>-0.040812</td>\n",
       "      <td>-0.008465</td>\n",
       "      <td>-0.216958</td>\n",
       "      <td>-0.096455</td>\n",
       "      <td>-0.154071</td>\n",
       "      <td>0.172066</td>\n",
       "      <td>0.439864</td>\n",
       "      <td>1.000000</td>\n",
       "      <td>0.099244</td>\n",
       "      <td>-0.270776</td>\n",
       "      <td>-0.390010</td>\n",
       "      <td>0.094034</td>\n",
       "      <td>0.129452</td>\n",
       "      <td>0.021018</td>\n",
       "    </tr>\n",
       "    <tr>\n",
       "      <th>Inefficacy</th>\n",
       "      <td>-0.018451</td>\n",
       "      <td>-0.134278</td>\n",
       "      <td>-0.160909</td>\n",
       "      <td>-0.173101</td>\n",
       "      <td>-0.081366</td>\n",
       "      <td>-0.203785</td>\n",
       "      <td>-0.079757</td>\n",
       "      <td>-0.146949</td>\n",
       "      <td>-0.016562</td>\n",
       "      <td>0.005490</td>\n",
       "      <td>0.099244</td>\n",
       "      <td>1.000000</td>\n",
       "      <td>-0.115229</td>\n",
       "      <td>-0.079957</td>\n",
       "      <td>-0.010886</td>\n",
       "      <td>0.002252</td>\n",
       "      <td>-0.134648</td>\n",
       "    </tr>\n",
       "    <tr>\n",
       "      <th>KnowlTrans</th>\n",
       "      <td>0.023921</td>\n",
       "      <td>0.038633</td>\n",
       "      <td>0.079848</td>\n",
       "      <td>-0.073883</td>\n",
       "      <td>-0.107688</td>\n",
       "      <td>0.216547</td>\n",
       "      <td>0.048638</td>\n",
       "      <td>-0.125549</td>\n",
       "      <td>-0.004617</td>\n",
       "      <td>-0.288064</td>\n",
       "      <td>-0.270776</td>\n",
       "      <td>-0.115229</td>\n",
       "      <td>1.000000</td>\n",
       "      <td>0.576491</td>\n",
       "      <td>0.008817</td>\n",
       "      <td>-0.040923</td>\n",
       "      <td>0.001514</td>\n",
       "    </tr>\n",
       "    <tr>\n",
       "      <th>KnowlMgmt</th>\n",
       "      <td>0.097842</td>\n",
       "      <td>0.068243</td>\n",
       "      <td>0.228244</td>\n",
       "      <td>-0.088275</td>\n",
       "      <td>-0.079839</td>\n",
       "      <td>0.218531</td>\n",
       "      <td>0.100419</td>\n",
       "      <td>-0.004053</td>\n",
       "      <td>-0.071703</td>\n",
       "      <td>-0.343288</td>\n",
       "      <td>-0.390010</td>\n",
       "      <td>-0.079957</td>\n",
       "      <td>0.576491</td>\n",
       "      <td>1.000000</td>\n",
       "      <td>-0.015211</td>\n",
       "      <td>-0.085765</td>\n",
       "      <td>0.089786</td>\n",
       "    </tr>\n",
       "    <tr>\n",
       "      <th>Sick</th>\n",
       "      <td>0.138419</td>\n",
       "      <td>-0.105096</td>\n",
       "      <td>-0.001557</td>\n",
       "      <td>0.015565</td>\n",
       "      <td>-0.022096</td>\n",
       "      <td>-0.011621</td>\n",
       "      <td>0.109644</td>\n",
       "      <td>0.016190</td>\n",
       "      <td>0.361799</td>\n",
       "      <td>0.193627</td>\n",
       "      <td>0.094034</td>\n",
       "      <td>-0.010886</td>\n",
       "      <td>0.008817</td>\n",
       "      <td>-0.015211</td>\n",
       "      <td>1.000000</td>\n",
       "      <td>0.781998</td>\n",
       "      <td>0.116450</td>\n",
       "    </tr>\n",
       "    <tr>\n",
       "      <th>Flu</th>\n",
       "      <td>0.100605</td>\n",
       "      <td>-0.127475</td>\n",
       "      <td>-0.018658</td>\n",
       "      <td>0.028826</td>\n",
       "      <td>0.056889</td>\n",
       "      <td>-0.016100</td>\n",
       "      <td>0.071380</td>\n",
       "      <td>-0.012039</td>\n",
       "      <td>0.391643</td>\n",
       "      <td>0.171132</td>\n",
       "      <td>0.129452</td>\n",
       "      <td>0.002252</td>\n",
       "      <td>-0.040923</td>\n",
       "      <td>-0.085765</td>\n",
       "      <td>0.781998</td>\n",
       "      <td>1.000000</td>\n",
       "      <td>0.082160</td>\n",
       "    </tr>\n",
       "    <tr>\n",
       "      <th>Gender</th>\n",
       "      <td>0.059831</td>\n",
       "      <td>0.127161</td>\n",
       "      <td>0.146262</td>\n",
       "      <td>0.023569</td>\n",
       "      <td>-0.066460</td>\n",
       "      <td>0.060477</td>\n",
       "      <td>-0.012268</td>\n",
       "      <td>0.150168</td>\n",
       "      <td>0.023608</td>\n",
       "      <td>0.062417</td>\n",
       "      <td>0.021018</td>\n",
       "      <td>-0.134648</td>\n",
       "      <td>0.001514</td>\n",
       "      <td>0.089786</td>\n",
       "      <td>0.116450</td>\n",
       "      <td>0.082160</td>\n",
       "      <td>1.000000</td>\n",
       "    </tr>\n",
       "  </tbody>\n",
       "</table>\n",
       "</div>"
      ],
      "text/plain": [
       "              Vaccin  HndWshQual  HndWshFreq  SocialDist  NotTchFace  \\\n",
       "Vaccin      1.000000   -0.047978   -0.051006    0.039789   -0.024648   \n",
       "HndWshQual -0.047978    1.000000    0.314884    0.181958    0.071633   \n",
       "HndWshFreq -0.051006    0.314884    1.000000    0.144062    0.062606   \n",
       "SocialDist  0.039789    0.181958    0.144062    1.000000    0.098463   \n",
       "NotTchFace -0.024648    0.071633    0.062606    0.098463    1.000000   \n",
       "RespEtiq    0.025227    0.141638    0.180392    0.000060   -0.059075   \n",
       "PrsnlDist   0.046655    0.095323    0.000013    0.093855    0.112471   \n",
       "HandSanit   0.006851    0.186403    0.158732    0.146573    0.045489   \n",
       "Risk        0.131289   -0.049103    0.013342    0.039397   -0.084722   \n",
       "Complic    -0.013346   -0.104811   -0.072336    0.144432   -0.000675   \n",
       "Barriers   -0.053837   -0.277622   -0.207341   -0.040812   -0.008465   \n",
       "Inefficacy -0.018451   -0.134278   -0.160909   -0.173101   -0.081366   \n",
       "KnowlTrans  0.023921    0.038633    0.079848   -0.073883   -0.107688   \n",
       "KnowlMgmt   0.097842    0.068243    0.228244   -0.088275   -0.079839   \n",
       "Sick        0.138419   -0.105096   -0.001557    0.015565   -0.022096   \n",
       "Flu         0.100605   -0.127475   -0.018658    0.028826    0.056889   \n",
       "Gender      0.059831    0.127161    0.146262    0.023569   -0.066460   \n",
       "\n",
       "            RespEtiq  PrsnlDist  HandSanit      Risk   Complic  Barriers  \\\n",
       "Vaccin      0.025227   0.046655   0.006851  0.131289 -0.013346 -0.053837   \n",
       "HndWshQual  0.141638   0.095323   0.186403 -0.049103 -0.104811 -0.277622   \n",
       "HndWshFreq  0.180392   0.000013   0.158732  0.013342 -0.072336 -0.207341   \n",
       "SocialDist  0.000060   0.093855   0.146573  0.039397  0.144432 -0.040812   \n",
       "NotTchFace -0.059075   0.112471   0.045489 -0.084722 -0.000675 -0.008465   \n",
       "RespEtiq    1.000000  -0.077326  -0.024301  0.005073 -0.192404 -0.216958   \n",
       "PrsnlDist  -0.077326   1.000000   0.155425  0.087704  0.077101 -0.096455   \n",
       "HandSanit  -0.024301   0.155425   1.000000  0.055685  0.068024 -0.154071   \n",
       "Risk        0.005073   0.087704   0.055685  1.000000  0.268562  0.172066   \n",
       "Complic    -0.192404   0.077101   0.068024  0.268562  1.000000  0.439864   \n",
       "Barriers   -0.216958  -0.096455  -0.154071  0.172066  0.439864  1.000000   \n",
       "Inefficacy -0.203785  -0.079757  -0.146949 -0.016562  0.005490  0.099244   \n",
       "KnowlTrans  0.216547   0.048638  -0.125549 -0.004617 -0.288064 -0.270776   \n",
       "KnowlMgmt   0.218531   0.100419  -0.004053 -0.071703 -0.343288 -0.390010   \n",
       "Sick       -0.011621   0.109644   0.016190  0.361799  0.193627  0.094034   \n",
       "Flu        -0.016100   0.071380  -0.012039  0.391643  0.171132  0.129452   \n",
       "Gender      0.060477  -0.012268   0.150168  0.023608  0.062417  0.021018   \n",
       "\n",
       "            Inefficacy  KnowlTrans  KnowlMgmt      Sick       Flu    Gender  \n",
       "Vaccin       -0.018451    0.023921   0.097842  0.138419  0.100605  0.059831  \n",
       "HndWshQual   -0.134278    0.038633   0.068243 -0.105096 -0.127475  0.127161  \n",
       "HndWshFreq   -0.160909    0.079848   0.228244 -0.001557 -0.018658  0.146262  \n",
       "SocialDist   -0.173101   -0.073883  -0.088275  0.015565  0.028826  0.023569  \n",
       "NotTchFace   -0.081366   -0.107688  -0.079839 -0.022096  0.056889 -0.066460  \n",
       "RespEtiq     -0.203785    0.216547   0.218531 -0.011621 -0.016100  0.060477  \n",
       "PrsnlDist    -0.079757    0.048638   0.100419  0.109644  0.071380 -0.012268  \n",
       "HandSanit    -0.146949   -0.125549  -0.004053  0.016190 -0.012039  0.150168  \n",
       "Risk         -0.016562   -0.004617  -0.071703  0.361799  0.391643  0.023608  \n",
       "Complic       0.005490   -0.288064  -0.343288  0.193627  0.171132  0.062417  \n",
       "Barriers      0.099244   -0.270776  -0.390010  0.094034  0.129452  0.021018  \n",
       "Inefficacy    1.000000   -0.115229  -0.079957 -0.010886  0.002252 -0.134648  \n",
       "KnowlTrans   -0.115229    1.000000   0.576491  0.008817 -0.040923  0.001514  \n",
       "KnowlMgmt    -0.079957    0.576491   1.000000 -0.015211 -0.085765  0.089786  \n",
       "Sick         -0.010886    0.008817  -0.015211  1.000000  0.781998  0.116450  \n",
       "Flu           0.002252   -0.040923  -0.085765  0.781998  1.000000  0.082160  \n",
       "Gender       -0.134648    0.001514   0.089786  0.116450  0.082160  1.000000  "
      ]
     },
     "execution_count": 20,
     "metadata": {},
     "output_type": "execute_result"
    }
   ],
   "source": [
    "dataset.corr()\n",
    "#'Sick' is highly correlated with the dependant variable. Remove it.\n",
    "#'Sick' has 3 values - 0,1 and 2 each one representing a type of illness."
   ]
  },
  {
   "cell_type": "code",
   "execution_count": 21,
   "metadata": {
    "collapsed": false
   },
   "outputs": [],
   "source": [
    "#Remove 'Sick'\n",
    "columns.remove('Sick')\n",
    "dataset = dataset.drop('Sick',axis=1)"
   ]
  },
  {
   "cell_type": "code",
   "execution_count": 22,
   "metadata": {
    "collapsed": false
   },
   "outputs": [
    {
     "data": {
      "text/html": [
       "<div>\n",
       "<table border=\"1\" class=\"dataframe\">\n",
       "  <thead>\n",
       "    <tr style=\"text-align: right;\">\n",
       "      <th></th>\n",
       "      <th>Vaccin</th>\n",
       "      <th>HndWshQual</th>\n",
       "      <th>HndWshFreq</th>\n",
       "      <th>SocialDist</th>\n",
       "      <th>NotTchFace</th>\n",
       "      <th>RespEtiq</th>\n",
       "      <th>PrsnlDist</th>\n",
       "      <th>HandSanit</th>\n",
       "      <th>Risk</th>\n",
       "      <th>Complic</th>\n",
       "      <th>Barriers</th>\n",
       "      <th>Inefficacy</th>\n",
       "      <th>KnowlTrans</th>\n",
       "      <th>KnowlMgmt</th>\n",
       "      <th>Flu</th>\n",
       "      <th>Gender</th>\n",
       "    </tr>\n",
       "  </thead>\n",
       "  <tbody>\n",
       "    <tr>\n",
       "      <th>count</th>\n",
       "      <td>346.000000</td>\n",
       "      <td>346.000000</td>\n",
       "      <td>346.000000</td>\n",
       "      <td>346.000000</td>\n",
       "      <td>346.000000</td>\n",
       "      <td>346.000000</td>\n",
       "      <td>346.000000</td>\n",
       "      <td>346.000000</td>\n",
       "      <td>346.000000</td>\n",
       "      <td>346.000000</td>\n",
       "      <td>346.000000</td>\n",
       "      <td>346.000000</td>\n",
       "      <td>346.000000</td>\n",
       "      <td>346.000000</td>\n",
       "      <td>346.000000</td>\n",
       "      <td>346.000000</td>\n",
       "    </tr>\n",
       "    <tr>\n",
       "      <th>mean</th>\n",
       "      <td>0.593931</td>\n",
       "      <td>0.726879</td>\n",
       "      <td>0.559249</td>\n",
       "      <td>0.479046</td>\n",
       "      <td>0.364162</td>\n",
       "      <td>0.793353</td>\n",
       "      <td>0.597543</td>\n",
       "      <td>0.450145</td>\n",
       "      <td>0.456706</td>\n",
